Question Number,Question Text,Choices,Valid Question?,Correct Answer,LLM Answer,Correct Explanation,LLM Explanation,URLs,Correct?,Topic,LLM Confidence,logprob Confidence
1,"Which layer of the OSI model is responsible for establishing, managing, and terminating connections between devices? Choose only one.","a. Transport layer
b. Session layer
c. Data link layer
d. Presentation layer
",,b,b,,"The correct layer responsible for establishing, managing, and terminating connections between devices in the OSI model is the Session layer. This layer handles session establishment, maintenance, and termination, allowing devices to communicate by setting up, managing, and tearing down sessions.",['https://www.geeksforgeeks.org/session-layer-osi-model/'],1,Computer_Networking,0.9,0.9999978991308068
2,Which model defines seven layers of networking protocols? Choose only one.,"a. OSI model
b. DoD model
c. TCP/IP model
d. Ethernet model
",,a,a,,"The OSI (Open Systems Interconnection) model defines seven layers of networking protocols, namely: Physical, Data Link, Network, Transport, Session, Presentation, and Application. Each layer has specific functions and interactions within the networking process.",['https://www.cloudflare.com/learning/network-layer/what-is-the-osi-model/'],1,Computer_Networking,0.95,0.9999989719621284
3,Which device is used to enforce security policies by controlling the incoming and outgoing network traffic? Choose only one.,"a. Network switch
b. Router
c. Modem
d. Firewall
",,d,d,,"A firewall is used to enforce security policies by controlling the incoming and outgoing network traffic. It acts as a barrier between a trusted internal network and untrusted external networks, filtering the traffic based on a set of security rules.",['https://www.cloudflare.com/learning/security/glossary/what-is-a-firewall/'],1,Computer_Networking,0.95,0.9999994487765019
4,Which device is responsible for determining the best path for data packets to travel across multiple networks? Choose only one.,"a. Network switch
b. Router
c. Modem
d. Bridge
",,b,b,,"The correct device responsible for determining the best path for data packets to travel across multiple networks is a router. Routers use routing tables to make decisions about the best path for forwarding packets based on factors like network congestion, speed, and cost.",['https://www.cisco.com/c/en/us/support/docs/ip/routing-information-protocol-rip/13788-3.html'],1,Computer_Networking,0.95,0.9999973031140366
5,Which network topology consists of a single shared communication line to which all devices are connected? Choose only one.,"a. Bus topology
b. Star topology
c. Ring topology
d. Mesh topology
",,a,a,,"The network topology that consists of a single shared communication line to which all devices are connected is a bus topology. In a bus topology, all devices share the same communication line, and data is transmitted in both directions along the bus.",[],1,Computer_Networking,0.9,0.9999981375378344
6,"Which network topology requires the least amount of cabling and is easy to set up, but if the central device fails, the entire network becomes inaccessible? Choose only one.","a. Bus topology
b. Star topology
c. Ring topology
d. Mesh topology
",,b,b,,"The correct option is b. Star topology. In a star topology, all devices are connected to a central hub, which minimizes the amount of cabling required and simplifies the network setup. However, if the central hub fails, the entire network becomes inaccessible as all communication passes through it.",[],1,Computer_Networking,0.9,0.9998740617908821
8,Which device can be used to create logical network segments and improve network performance by reducing network congestion? Choose only one.,"a. Network switch
b. Router
c. Modem
d. Repeater
",,a,a,,"A network switch is the correct device to create logical network segments and improve network performance by reducing network congestion. Switches operate at the data link layer (Layer 2) of the OSI model and can segment a network into multiple smaller collision domains, thereby reducing congestion and improving performance.",['https://www.cisco.com/c/en/us/support/docs/lan-switching/ethernet/19237-31.html'],1,Computer_Networking,0.9,0.9999981375378344
9,The DoD model is commonly known as the:,"a. Four-layer model
b. Five-layer model
c. Six-layer model
d. Seven-layer model
",,a,a,,"The DoD (Department of Defense) model is commonly known as the four-layer model. It consists of the Application layer, Transport layer, Internet layer, and Network Access layer.",[],1,Computer_Networking,0.9,0.961173956753995
10,Which layer of the OSI model is responsible for addressing and routing packets? Choose only one.,"a. Network layer
b. Data link layer
c. Transport layer
d. Physical layer
",,a,a,,The layer of the OSI model that is responsible for addressing and routing packets is the Network layer (Layer 3). This layer deals with logical addressing and routing of data between different networks.,['https://www.cloudflare.com/learning/network-layer/what-is-the-network-layer/'],1,Computer_Networking,0.95,0.9999962302846054
11,Which layer of the OSI model provides encryption and decryption of data for secure communication? Choose only one.,"a. Presentation layer
b. Session layer
c. Application layer
d. Physical layer
",,a,a,,"The correct layer of the OSI model that provides encryption and decryption of data for secure communication is the Presentation layer. This layer is responsible for data translation, encryption, and decryption, ensuring that data is in a readable format for the application layer.",['https://www.geeksforgeeks.org/layers-of-osi-model/'],1,Computer_Networking,0.95,0.999994561441089
12,Which device can be used to connect two or more network segments together and extend the reach of a network? Choose only one.,"a. Network switch
b. Router
c. Modem
d. Bridge
",,d,d,,"A bridge is a device used to connect two or more network segments together at the data link layer (Layer 2) of the OSI model. It extends the reach of a network by forwarding data between networks based on MAC addresses. Unlike routers that operate at the network layer (Layer 3) and make decisions based on IP addresses, bridges work at a lower level focusing on MAC addresses.",['https://www.cisco.com/c/en/us/support/docs/lan-switching/ethernet/19237-3.html'],1,Computer_Networking,0.9,0.9999928926002577
13,Which device can perform Network Address Translation (NAT) to allow multiple devices on a private network to share a single public IP address? Choose only one.,"a. Network switch
b. Router
c. Modem
d. Bridge
",,b,b,,A router is the device that can perform Network Address Translation (NAT) to allow multiple devices on a private network to share a single public IP address. Routers are commonly used at the boundary of local networks to manage traffic and perform functions like NAT.,['https://www.cloudflare.com/learning/network-layer/what-is-a-router/'],1,Computer_Networking,0.95,0.9999989719621284
14,"Which network topology provides redundant connections between devices, ensuring multiple paths for data transmission? Choose only one.","a. Bus topology
b. Star topology
c. Ring topology
d. Mesh topology
",,d,d,,"The mesh topology provides redundant connections between devices, ensuring multiple paths for data transmission. In a mesh topology, every device is connected to every other device, offering high reliability and fault tolerance.",[],1,Computer_Networking,0.9,0.9999998063873687
15,Which network topology uses a central device that connects all devices in a star-like fashion? Choose only one.,"a. Bus topology
b. Star topology
c. Ring topology
d. Mesh topology
",,b,b,,"The network topology that uses a central device to connect all other devices in a star-like fashion is known as a star topology. In this setup, all network nodes are connected to a central hub, switch, or router. Each device communicates directly with the central device, which then manages and controls the flow of data within the network.",['https://www.geeksforgeeks.org/network-topologies/'],1,Computer_Networking,0.9,0.999994561441089
16,Which device is primarily used to connect multiple devices within a local area network (LAN)? Choose only one.,"a. Network switch
b. Router
c. Modem
d. Hub
",,a,a,,A network switch is primarily used to connect multiple devices within a local area network (LAN). It operates at the data link layer (Layer 2) of the OSI model and can efficiently manage traffic between devices.,['https://www.cisco.com/c/en/us/solutions/small-business/resource-center/networking/network-switch-basics.html'],1,Computer_Networking,0.95,0.9999982567412194
17,Which layer of the OSI model provides encryption and decryption of data for secure communication? Choose only one.,"a. Presentation layer
b. Session layer
c. Application layer
d. Physical layer
",,a,a,,"The correct layer of the OSI model that provides encryption and decryption of data for secure communication is the Presentation layer (option a). This layer is responsible for data translation, compression, and encryption to ensure secure communication.",['https://www.geeksforgeeks.org/layers-of-osi-model/'],1,Computer_Networking,0.95,0.9999946806438478
18,Which device operates at Layer 2 of the OSI model and uses MAC addresses to forward network traffic? Choose only one.,"a. Network switch
b. Router
c. Modem
d. Firewall
",,a,a,,"A network switch operates at Layer 2 of the OSI model. Layer 2 is the Data Link Layer, where switches use MAC addresses to forward network traffic within the same network segment.",['https://www.cisco.com/c/en/us/support/docs/lan-switching/ethernet/19642-10.html'],1,Computer_Networking,0.95,0.9999940846288958
19,Which device provides wireless network connectivity within a local area network (LAN)? Choose only one.,"a. Network switch
b. Router
c. Modem
d. Wireless access point
",,d,d,,A wireless access point is specifically designed to provide wireless network connectivity within a local area network (LAN). It allows devices to connect to the network without the need for physical cables.,[],1,Computer_Networking,0.9,0.9999993295729247
20,Which network protocol is used for remote login and command execution on network devices? Choose only one.,"a. DHCP
b. DNS
c. FTP
d. Telnet
",,d,d,,Telnet is the network protocol used for remote login and command execution on network devices. It allows a user to log in to another computer over a network and interact with its resources as if they were directly connected to that computer.,[],1,Computer_Networking,1,0.9999994487765019
21,Which network protocol is responsible for error reporting and diagnostics in IP networks? Choose only one.,"a. ARP
b. DHCP
c. ICMP
d. NAT
",,c,c,,"The network protocol responsible for error reporting and diagnostics in IP networks is ICMP (Internet Control Message Protocol). ICMP is used by network devices to send error messages indicating, for example, that a requested service is not available or that a host or router could not be reached.",['https://www.geeksforgeeks.org/internet-control-message-protocol-icmp/'],1,Computer_Networking,0.95,0.9999958726752174
23,Which network protocol is used for time synchronization in a network? Choose only one.,"a. ARP
b. DHCP
c. NTP
d. NAT
",,c,c,,The network protocol used for time synchronization in a network is Network Time Protocol (NTP). NTP is specifically designed to synchronize the clocks of computers over a network.,['https://www.cloudflare.com/learning/ddos/glossary/network-time-protocol-ntp/'],1,Computer_Networking,0.95,0.9999968263007362
24,How many host addresses are available in a Class C network? Choose only one.,"a. 254
b. 512
c. 1022
d. 65534
",,a,a,,"In a Class C network, the last octet is used for host addresses. A Class C network uses 8 bits for host addresses, which gives 2^8 - 2 = 256 - 2 = 254 host addresses available. The subtraction of 2 is because the network address (all bits set to 0) and the broadcast address (all bits set to 1) cannot be assigned to hosts.",[],1,Computer_Networking,0.9,0.9997725292254006
25,What is the maximum number of IP addresses that can be assigned in a /26 subnet? Choose only one.,"a. 30
b. 62
c. 126
d. 254
",,b,d,,"In a /26 subnet, there are 64 IP addresses available for hosts after reserving 2 IP addresses for network and broadcast addresses. Therefore, the maximum number of IP addresses that can be assigned in a /26 subnet is 64-2 = 62.",[],0,Computer_Networking,0.9,0.7763848430243557
26,What is the purpose of the subnet mask in TCP/IP networking? Choose only one.,"a. To identify the network address
b. To identify the broadcast address
c. To determine the number of available hosts
d. To define the range of assignable IP addresses
",,a,a,,The subnet mask is used to identify the network address in TCP/IP networking. It helps in separating the network portion of an IP address from the host portion.,['https://www.cloudflare.com/learning/network-layer/what-is-a-subnet-mask/'],1,Computer_Networking,0.9,0.9817090005453301
27,How many bits are used to represent an IPv6 address? Choose only one.,"a. 32 bits
b. 64 bits
c. 128 bits
d. 256 bits
",,c,c,,"An IPv6 address is represented using 128 bits. This is a significant increase from IPv4 addresses, which are 32 bits long.",['https://www.cisco.com/c/en/us/support/docs/ip/ip-version-6-ipv6/13793-ipv6-addr-assign.html'],1,Computer_Networking,0.95,0.999992773397112
28,"Which transport protocol is commonly used for web browsing, file transfer, and email communication?","a. TCP
b. UDP
",,a,a,,"TCP (Transmission Control Protocol) is commonly used for web browsing, file transfer, and email communication because it provides reliable, connection-oriented communication. TCP ensures that data packets are delivered in order and without errors, making it suitable for applications where data integrity is crucial.",['https://www.geeksforgeeks.org/difference-between-tcp-and-udp/'],1,Computer_Networking,0.95,0.9999982567412194
29,Which transport protocol is commonly used for streaming media and real-time communication?,"a. TCP
b. UDP
",,b,b,,"UDP (User Datagram Protocol) is commonly used for streaming media and real-time communication due to its lower latency and reduced overhead compared to TCP (Transmission Control Protocol). UDP is preferred in these scenarios because it does not require the overhead of establishing a connection, error recovery, and flow control, making it more suitable for real-time applications where a small delay is preferable to ensuring all data packets arrive in order.","['https://www.cloudflare.com/learning/ddos/glossary/user-datagram-protocol-udp/', 'https://www.cloudflare.com/learning/network-layer/what-is-udp/']",1,Computer_Networking,0.95,0.9999989719621284
30,Which transport protocol guarantees the order of packet delivery?,"a. TCP
b. UDP
",,a,a,,TCP (Transmission Control Protocol) guarantees the order of packet delivery. It ensures that data is delivered in the same order in which it was sent.,['https://www.geeksforgeeks.org/tcp-guaranteed-delivery/'],1,Computer_Networking,0.95,0.9999981375378344
31,Which transport protocol provides flow control and congestion control mechanisms?,"a. TCP
b. UDP
",,a,a,,The correct option is TCP (Transmission Control Protocol). TCP provides both flow control and congestion control mechanisms. Flow control is essential to prevent a fast sender from overwhelming a slow receiver by regulating the flow of data. Congestion control helps in preventing network congestion by adjusting the transmission rate based on network conditions.,['https://www.geeksforgeeks.org/difference-between-flow-control-and-congestion-control/'],1,Computer_Networking,0.95,0.9999993295729247
32,"Which transport protocol provides unreliable, connectionless communication?","a. TCP
b. UDP
",,b,b,,"UDP (User Datagram Protocol) provides unreliable, connectionless communication. Unlike TCP (Transmission Control Protocol), UDP does not establish a connection before sending data and does not guarantee delivery of data packets.",['https://www.geeksforgeeks.org/user-datagram-protocol-udp/'],1,Computer_Networking,1,0.9999983759447187
34,Which IP address class range is reserved for private networks? Select all that apply.,"a. Class A
b. Class B
c. Class C
d. Class D
",,"a,b,c","a,b,c",,"IP address ranges reserved for private networks are as follows: Class A (10.0.0.0 to 10.255.255.255), Class B (172.16.0.0 to 172.31.255.255), and Class C (192.168.0.0 to 192.168.255.255). These ranges are defined in RFC 1918 to be used within private networks and are not routable over the internet.",['https://datatracker.ietf.org/doc/html/rfc1918'],1,Computer_Networking,0.95,0.9999990167568533
35,Which network protocol is used for secure web browsing over an encrypted connection? Choose only one.,"a. DHCP
b. DNS
c. HTTPS
d. SMTP
",,c,c,,"The correct network protocol used for secure web browsing over an encrypted connection is HTTPS (Hypertext Transfer Protocol Secure). HTTPS encrypts the data exchanged between a web browser and a website, ensuring secure communication.",[],1,Computer_Networking,0.95,0.9999940846288958
36,Which network protocol is used for time synchronization in a network? Choose only one.,"a. ARP
b. DHCP
c. NTP
d. NAT
",,c,c,,The network protocol used for time synchronization in a network is NTP (Network Time Protocol). NTP is specifically designed to synchronize the clocks of computers over a network.,['https://www.cloudflare.com/learning/ddos/glossary/network-time-protocol-ntp/'],1,Computer_Networking,0.95,0.9999964686909351
37,Which wireless security protocol is vulnerable to brute-force attacks? Choose only one.,"a. WEP
b. WPA
c. WPA2
d. WPA3
",,a,a,,"The wireless security protocol vulnerable to brute-force attacks is WEP (Wired Equivalent Privacy). WEP is known to have significant security weaknesses, making it susceptible to brute-force attacks, where an attacker can decrypt the wireless network traffic by capturing data and attempting to crack the encryption key.",['https://www.lifewire.com/wired-equivalent-privacy-wep-818397'],1,Computer_Networking,0.9,0.9999905085465441
38,Which wireless encryption method is considered the most secure? Choose only one.,"a. WEP
b. TKIP
c. AES
d. SSL
",,c,c,,The most secure wireless encryption method among the options provided is AES (Advanced Encryption Standard). AES is currently the industry standard for data encryption and is much more secure than WEP (Wired Equivalent Privacy) and TKIP (Temporal Key Integrity Protocol). SSL (Secure Sockets Layer) is not a wireless encryption method but rather a protocol used for securing internet communications.,['https://www.cloudflare.com/learning/ssl/what-is-aes-encryption/'],1,Computer_Networking,0.95,0.9999922965856715
39,Which wireless technology allows devices to connect without the need for a central access point? Choose only one.,"a. Ad-hoc mode
b. Infrastructure mode
c. Mesh networking
d. Wi-Fi Direct
",,a,a,,"The correct option is Ad-hoc mode. In Ad-hoc mode, devices can connect directly to each other without the need for a central access point. This allows for peer-to-peer connections between devices.",[],1,Computer_Networking,0.9,0.9994804646052752
40,Which wireless technology allows multiple access points to work together as a single network? Choose only one.,"a. Ad-hoc mode
b. Infrastructure mode
c. Mesh networking
d. Wi-Fi Direct
",,c,c,,"Mesh networking is the wireless technology that allows multiple access points to work together as a single network. In a mesh network, each node cooperates in the distribution of data across the network.",[],1,Computer_Networking,0.9,0.9999951574563252
41,Which wireless technology allows wireless devices to connect to a wired network? Choose only one.,"a. Ad-hoc mode
b. Infrastructure mode
c. Mesh networking
d. Wi-Fi Direct
",,b,b,,"The correct option is b. Infrastructure mode. In infrastructure mode, wireless devices connect to a wired network through wireless access points (APs). This mode is commonly used in home and business networks to provide connectivity to wireless devices like laptops, smartphones, and tablets.",['https://www.lifewire.com/infrastructure-mode-816543'],1,Computer_Networking,0.9,0.9999963494876631
42,Which wireless technology is commonly used for short-range communication between devices? Choose only one.,"a. Bluetooth
b. NFC
c. Zigbee
d. Z-Wave
",,a,a,,"Bluetooth is commonly used for short-range communication between devices, typically within a range of 10 meters. It is widely used for connecting devices such as smartphones, headphones, and speakers.",['https://www.bluetooth.com/'],1,Computer_Networking,0.9,0.9996998561521797
43,Which wireless technology is commonly used for contactless payment systems? Choose only one.,"a. Bluetooth
b. NFC
c. Zigbee
d. Z-Wave
",,b,b,,"The correct option is b. NFC (Near Field Communication) is commonly used for contactless payment systems due to its short-range communication capability, which is ideal for secure transactions. Bluetooth, Zigbee, and Z-Wave are not typically used for contactless payments.",[],1,Computer_Networking,0.95,0.999999091165773
44,Which wireless standard operates in the 5 GHz frequency band? Choose only one.,"a. 802.11ac
b. 802.11b
c. 802.11g
d. 802.11n
",,a,a,,"The correct option is 802.11ac. The 802.11ac standard operates in the 5 GHz frequency band, offering faster speeds and better performance compared to the other options provided.",[],1,Computer_Networking,0.9,0.9999975415208221
45,Which wireless standard provides the highest data transfer rates? Choose only one.,"a. 802.11a
b. 802.11b
c. 802.11g
d. 802.11ac
",,d,d,,"The 802.11ac wireless standard provides the highest data transfer rates among the options given. It offers faster speeds and better performance compared to 802.11a, 802.11b, and 802.11g.",[],1,Computer_Networking,0.9,0.9999974223173222
