Question Number,Question Text,Choices,Valid Question?,Correct Answer,LLM Answer,Correct Explanation,LLM Explanation,URLs,Correct?,Topic,LLM Confidence,logprob Confidence
16,Which of the following command is used to generate an OpenFlow network topology consisting of a single switch and 8 hosts with randomly generated MAC addresses for each host?,"a. sudo mn --topo single,8  --switch ovsk --controller remote
b. sudo mn --topo single,3 --mac --switch ovsk --controller remote
c. sudo mn --topo single,8 --mac --switch ovsk --controller remote
d. sudo mn --topo linear,8  --switch ovsk --controller remote
",,a,c,,"The command 'sudo mn --topo single,8 --mac --switch ovsk --controller remote' is used to create a Mininet network topology with a single switch and 8 hosts. The '--topo single,8' specifies that the topology will have one switch connected to 8 hosts. The '--mac' option is used to automatically generate random MAC addresses for each host. The '--switch ovsk' specifies the use of the Open vSwitch kernel switch, and '--controller remote' indicates that the switch should connect to a remote controller.","['http://mininet.org/', 'http://mininet.org/walkthrough/#creating-a-simple-mininet-topology']",0,3_mininet_setup,0.95,0.9999995679800934
17,What is the purpose of --mac flag used in mininet?,"a. Generates random MAC addresses for the hosts.
b. Generates sequential MAC addresses for the hosts, matching their IP address.
c. Generates sequential MAC addresses for the switch ports, matching their IP address.
d. Generates random MAC addresses for the switch ports.
",,b,b,,"The --mac flag in Mininet is used to generate sequential MAC addresses for the hosts. When this flag is used, the MAC addresses are designed to match the IP addresses of the hosts, which can be helpful for easier identification and debugging of network issues.","['http://mininet.org/walkthrough/#start-a-mininet-network', 'https://github.com/mininet/mininet/wiki/Introduction-to-Mininet#starting-up-a-mininet-network']",1,3_mininet_setup,0.95,0.9894107599700387
20,"What is the purpose of dpctl, provided with mininet?","a. To enable visibility and control over a single switch’s flow table.
b. To enable visibility and control over multiple switch flow table.
c. Is an OpenFlow controller.
",,a,a,,"dpctl is a command-line tool provided with Mininet (a network emulator) that allows users to interact with OpenFlow switches. It is used for debugging and testing purposes by enabling visibility and control over a single switch's flow table. With dpctl, you can add, delete, and modify flow entries, as well as examine the switch's flow table and counters. It does not act as an OpenFlow controller, nor is it designed to control multiple switches' flow tables simultaneously.","['https://github.com/mininet/mininet/wiki/Introduction-to-Mininet#using-mininet', 'https://github.com/mininet/mininet/blob/master/examples/miniedit.py']",1,3_mininet_setup,0.95,0.9996114668385652
