Question Number,Question Text,Choices,Valid Question?,Correct Answer,LLM Answer,Correct Explanation,LLM Explanation,URLs,Correct?,Topic,LLM Confidence,logprob Confidence
43,Which of the following statements are true about the OpenFlow specification? Select all that apply.,"a. If a switch does not contain a flow table entry that matches a particular packet, the switch forwards the packet to the controller for handling.
b. The main purpose of the OpenFlow control channel is to update flow table entries on switches.
c. The OpenFlow specification provides mechanisms to perform Layer 2 learning across a network of switches.
d. Once a switch has sent one packet for a flow, it must also send all subsequent packets for that flow to the controller.
e. Some versions of the OpenFlow specification allow for performing more than one action on a single packet.
",,"a,b,e","a,b,e",,"a. If a switch does not contain a flow table entry that matches a particular packet, the switch forwards the packet to the controller for handling. This is true as per the OpenFlow specification. b. The main purpose of the OpenFlow control channel is to update flow table entries on switches. This is correct as the control channel is used to communicate between the controller and the switches to update flow table entries. e. Some versions of the OpenFlow specification allow for performing more than one action on a single packet. This statement is true as certain OpenFlow versions support multiple actions on a single packet.",[],1,6_control_plane,0.9,0.9689288349814067
44,Which of the following statements are true about dpctl? Select all that apply.,"a. dpctl is invoked from within the Mininet emulator.
b. dpctl can modify flow table entries on an OpenFlow switch.
c. dpctl can respond to network events, such as packets sent from a switch.
d. dpctl is an OpenFlow controller.
e. dpctl can inspect flow table entries on an OpenFlow switch.
",,"b,e","b,e",,"Option b is correct because dpctl can indeed modify flow table entries on an OpenFlow switch. Option e is also correct as dpctl can inspect flow table entries on an OpenFlow switch. The other options are incorrect: a. dpctl is not invoked from within the Mininet emulator, c. dpctl does not respond to network events like packets sent from a switch, and d. dpctl is not an OpenFlow controller.",[],1,6_control_plane,0.9,0.6294581279954713
45,Which of the following are reasonable considerations for the choice of controller? Select all that apply.,"a. Performance of the programming language that the controller is implemented in.
b. Support for and integration with cloud applications.
c. Ease of learning curve.
d. Need for production-quality operation.
e. Speed of prototyping.
",,"a,b,c,d,e","a,b,c,d",,The considerations for choosing a controller in Software Defined Networking (SDN) include: a) Performance of the programming language affects the efficiency and speed of the controller's operations. b) Support for and integration with cloud applications is crucial for modern SDN deployments. c) Ease of learning curve impacts how quickly network administrators can adapt to and utilize the controller. d) Need for production-quality operation ensures the controller can meet the reliability and performance requirements of a production network.,[],0,6_control_plane,0.9,0.4874187584161106
46,Which of the following controllers support OpenStack integration? Select all that apply.,"a. NOX
b. Pox
c. CpQD
d. Floodlight
e. Ryu
",,"d,e","c,d,e",,"The controllers CpQD, Floodlight, and Ryu support OpenStack integration. CpQD is an SDN controller developed by CPqD in Brazil, which has been integrated with OpenStack. Floodlight, an open-source SDN controller, supports integration with OpenStack. Ryu, another open-source controller, also provides support for integration with OpenStack.","['https://www.cpqd.com.br/en/products-solutions/cpqd-sdn-controller/', 'https://www.projectfloodlight.org/floodlight/', 'https://ryu-sdn.org/']",0,6_control_plane,0.9,0.5679424533035972
47,Which of the following are true about Pox? Select all that apply.,"a. Pox automatically determines the order to install flow table rules, to avoid inconsistent forwarding behavior.
b. Pox's _handle_PacketIn function determines how a packet should be handled when it arrives at the controller.
c. Pox provides a function to modify flow table entries at a switch.
d. Pox's performance is typically slower than NOX.
e. Pox automatically determines the priority between two conflicting rules.
",,"b,c,d","b,c",,Option b is correct because Pox's _handle_PacketIn function is responsible for determining how a packet should be handled when it arrives at the controller. Option c is also correct as Pox does provide a function to modify flow table entries at a switch.,[],0,6_control_plane,0.9,0.9879503670830772
48,What is the difference between a hard timeout and an idle timeout?,"a. A hard timeout occurs exactly at the specified interval, whereas an idle timeout may occur slightly later than the specified interval.
b. A hard timeout expunges a flow table entry regardless of whether there have been active matches, whereas an idle timeout expunges the flow table entry only if there have been no matches for that flow within the specified interval.
c. A hard timeout expunges all flow table entry from the switch, whereas an idle timeout only expunges one flow at a time.
d. A hard timeout expunges a flow table entry for all switches in the network, whereas an idle timeout only expunges the flow table entry on the switches that have seen no matches for that flow within the specified interval.
",,b,b,,"A hard timeout expunges a flow table entry regardless of whether there have been active matches, whereas an idle timeout expunges the flow table entry only if there have been no matches for that flow within the specified interval. This means that a hard timeout is based on a fixed time interval, while an idle timeout depends on the activity or inactivity of the flow.",[],1,6_control_plane,0.9,0.9986139374732081
49,Which of the following are true about hubs and learning switches? Select all that apply,"a. A hub implemented in Pox requires all incoming packets to be directed to the controller.
b. A learning switch requires more logic at the controller (in terms of lines of code in Pox) than a hub.
c. A learning switch implemented in Pox can be easily extended to support firewall capabilities.
d. A learning switch implemented in Pox requires all incoming packets to be redirected to the controller.
e. A hub forwards an incoming packet on all ports (except the incoming port), whereas a switch only floods an incoming packet on all ports if it does not have a table entry that determines the output port for that packet.
",,"b,c,e","b,e",,"Option b is correct because a learning switch requires more logic at the controller compared to a hub due to the additional functionality of learning and updating the forwarding table based on incoming packets. Option e is correct because a hub forwards incoming packets on all ports except the incoming port, while a switch floods an incoming packet on all ports only if it does not have a table entry for the packet's output port.",[],0,6_control_plane,0.9,0.4418775979371552
50,Which of the following functions ensures that the controller will hear PacketIn messages? Select all that apply.,"a. connection.addListeners
b. _handle_PacketIn
c. AddRule
d. init
e. launch
",,a,a,,"The function connection.addListeners ensures that the controller will hear PacketIn messages by adding listeners to handle various events, including PacketIn messages.",[],1,6_control_plane,0.9,0.9962660552736655
51,What are the two key steps of an OpenFlow flow table entry (select two)?,"a. match
b. action
c. redirect
d. drop
e. forward
",,"a,b","a,b",,"The two key steps of an OpenFlow flow table entry are matching and action. Matching involves comparing incoming packets against the flow table entry to determine if there is a match. Action specifies what to do with the packets that match the entry, such as forwarding, modifying, or dropping them.",['https://opennetworking.org/software-defined-standards/learning-paths/sdn-foundations/openflow/'],1,6_control_plane,0.9,0.999996945503965
52,Which of the following are true about the OpenDaylight controller? Select all that apply.,"a. It allows dynamic reloading of controller functionality without restarting the controller.
b. It only supports OpenFlow as a ""southbound"" control framework.
c. Its code shares a lot of similarities with Beacon.
d. Open Daylight only supports proprietary switches from Cisco and IBM.
e. It is slower and less scalable than some of the more lightweight SDN controllers such as Pox.
",,"a,c","a,c",,"a. It allows dynamic reloading of controller functionality without restarting the controller: OpenDaylight controller allows dynamic reloading of controller functionality without the need to restart the controller, providing flexibility and ease of maintenance. c. Its code shares a lot of similarities with Beacon: OpenDaylight's code shares similarities with Beacon, an older version of the controller, as OpenDaylight was initially based on the Beacon controller.",['https://www.sdxcentral.com/sdn/definitions/what-is-opendaylight/'],1,6_control_plane,0.9,0.9993806094852203
